pivot = 1
seq = 1 2 3 4 5 6
lt_pt = 2
rt_pt = 2


5
2 1 3 5 4 
3 4 2 5 1
左 jdge =
-1 -1 0 1 
右 jdge = 
-1 -1 0 

6
2 4 1 6 5 3
1 3 5 6 4 2

傳入47(7-4+1 = 4ㄍ數字)
random在4567中取數字
random%4是從0123取數字
+ 4 
4 5 6 7

59 (9-5+1 = 5)
0~4 +5 5~9

08 (8-0+1 = 9)
%9 = 0~8

5
6 2 3 5 4
2 3 1 4 5

5 
2 1 3 5 4
1 3 5 2 4

6
6 2 1 3 5 4
1 4 6 5 2 3

10
6 5 2 1 7 10 4 3 8 9
6 10 5 4 7 8 3 2 1 9 


20
1 39 44 45 79 89 31 46 29 49 10 59 48 23 47 18 48 40 90 100
29 49 10 89 48 40 90 100 59 48 31 46 23 47 18 1 39 44 45 79 



30
1 2 88 46 30 22 12 13 0 8 4 39 44 45 79 89 31 46 29 49 10 59 48 23 47 18 42 40 90 100
23 47 18 1 2 13  89 31 42 48 40 46 29 49 10 88 46 30 22 12 0 8 4 39 44 45 79 59 100 90
